2279
8203
1296
4544
9615
2466
1920
8048
6078
1390
904
9324
4630
5742
1563
3236
3059
4639
340
1890
7017
4747
9177
9530
674
3599
5451
3919
1333
3738
236
729
2623
6333
2184
8687
6625
8529
2111
352
7673
4140
4423
4415
632
1617
6722
8348
9098
14
4010
4376
1072
2289
5818
6145
3348
667
4702
8816
554
7833
8483
5314
9823
3705
28
1323
9808
2207
8097
2946
4465
7711
7398
8859
7109
5769
9457
8525
9197
5785
4540
7989
6659
5162
394
9145
889
9929
8132
4518
2471
6848
4928
9028
8415
6702
2934
6272
2499
4995
9925
3025
3641
2635
7070
265
12
1668
5857
805
7262
1765
5817
2549
2560
5597
4505
2517
1111
1640
1127
2694
9187
6387
2667
1637
3126
1002
2622
1573
6320
9756
2761
5524
7862
2098
3176
9687
323
1921
184
157
6825
675
7369
6213
3281
5980
8484
8560
6607
3001
73
2009
5940
961
6084
5762
2687
1904
1157
7308
7511
9708
9156
7023
4112
7917
4831
5222
9129
2626
5855
1998
2441
148
2864
4752
8902
3716
2367
8716
9775
3191
3463
4708
1281
5063
686
2300
2683
9894
3805
5136
6324
6165
3607
9289
1113
1850
6144
7962
2178
4086
6092
7349
2696
2586
9862
4315
6887
1020
4113
7836
797
9854
7696
2845
8692
366
3403
4519
3341
5563
6488
2411
6192
2390
3268
7190
3354
7521
7329
5274
2749
4025
1416
5894
2186
2140
4253
1154
7015
6280
2355
2648
9272
453
8293
3516
6319
6974
8118
1685
1402
8773
4653
4964
625
5090
5663
8042
5986
6074
9945
9130
7830
2261
3584
9660
7010
683
7646
9287
7898
3961
6943
5920
9800
7686
3930
562
291
4270
7108
4796
3701
6604
1313
7583
3947
2443
2688
6663
1379
2170
1463
3038
2097
9781
7440
9638
9603
6353
3949
9699
4811
7251
5181
309
9447
8260
1292
7341
7071
7022
5033
1957
4822
5346
2531
271
3761
279
7335
7725
6270
5847
1866
8334
1341
9482
6158
8521
305
5671
6120
6202
9282
4333
3399
1171
9605
5074
9055
7661
9552
8840
2521
1322
2325
9646
274
4217
7908
3184
5416
5664
4815
3105
9464
9736
3588
3948
7642
8227
9512
8350
8697
7026
8559
900
2942
2303
7418
5469
2354
4553
1802
537
3957
158
9045
6415
9861
9751
1164
4983
468
2991
6062
9521
1906
2264
4401
6323
7480
8096
8763
2777
389
7279
9725
7284
9719
2252
4248
4568
20
1958
4672
6484
9738
7613
5897
5160
3573
6812
671
1625
3779
1742
5807
8287
4942
8113
8905
7258
5223
8672
9233
9487
8769
4297
1218
6464
4122
9357
7180
6725
3848
5009
3984
2944
6716
7818
3240
5342
3776
1429
9428
1786
1604
1443
2582
8211
3065
9155
2530
5434
1480
3261
6466
219
412
9468
9650
7498
7868
895
9465
3053
9948
7039
3360
5786
267
8784
8866
7634
8834
796
7254
3190
1084
579
4163
4382
3314
6268
6195
1006
6301
1291
4766
4385
2896
5175
